name: yolo
channels:
  - conda-forge
  - defaults
dependencies:
  - blas=1.1=openblas
  - ca-certificates=2018.10.15=ha4d7672_0
  - cairo=1.14.12=he56eebe_3
  - certifi=2018.10.15=py36_1000
  - dbus=1.13.0=h3a4f0e9_0
  - expat=2.2.5=hfc679d8_2
  - ffmpeg=4.0.2=ha6a6e2b_0
  - fontconfig=2.13.0=h0c61d53_4
  - freetype=2.8.1=hfa320df_1
  - gettext=0.19.8.1=h5e8e0c9_1
  - giflib=5.1.4=h470a237_1
  - glib=2.55.0=h464dc38_2
  - gmp=6.1.2=hfc679d8_0
  - gnutls=3.5.19=h2a4e5f8_1
  - gst-plugins-base=1.12.5=hde13a9d_0
  - gstreamer=1.12.5=h61a6719_0
  - harfbuzz=1.8.5=h2bb21d5_0
  - jasper=1.900.1=hff1ad4c_5
  - jpeg=9c=h470a237_1
  - libgfortran=3.0.0=1
  - libiconv=1.15=h470a237_3
  - libprotobuf=3.5.2=hd28b015_1
  - libwebp=0.5.2=7
  - mkl_fft=1.0.6=py36_0
  - mkl_random=1.0.1=py36_0
  - nettle=3.3=0
  - numpy=1.15.2=py36_blas_openblashd3ea46f_1
  - openblas=0.2.20=8
  - opencv=3.4.3=py36_blas_openblash829a850_200
  - openh264=1.7.0=0
  - openssl=1.0.2p=h470a237_1
  - python=3.6.6=h5001a0f_3
  - qt=5.6.2=h50c60fd_8
  - x264=1!152.20180717=h470a237_1
  - xorg-kbproto=1.0.7=h470a237_2
  - xorg-libice=1.0.9=h470a237_4
  - xorg-libsm=1.2.2=h470a237_5
  - xorg-libx11=1.6.6=h470a237_0
  - xorg-libxext=1.3.3=h470a237_4
  - xorg-libxrender=0.9.10=h470a237_2
  - xorg-renderproto=0.11.1=h470a237_2
  - xorg-xextproto=7.3.0=h470a237_2
  - xorg-xproto=7.0.31=h470a237_7
  - bzip2=1.0.6=h14c3975_5
  - cython=0.29=py36he6710b0_0
  - freeglut=3.0.0=hf484d3e_5
  - graphite2=1.3.12=h23475e2_2
  - hdf5=1.10.2=hba1933b_1
  - icu=58.2=h9c2bf20_1
  - intel-openmp=2019.0=118
  - libedit=3.1.20170329=h6b74fdf_2
  - libffi=3.2.1=hd88cf55_4
  - libgcc-ng=8.2.0=hdf63c60_1
  - libgfortran-ng=7.3.0=hdf63c60_0
  - libglu=9.0.0=hf484d3e_1
  - libopenblas=0.3.3=h5a2b251_3
  - libopencv=3.4.1=h1a3b859_1
  - libopus=1.2.1=hb9ed12e_0
  - libpng=1.6.35=hbc83047_0
  - libstdcxx-ng=8.2.0=hdf63c60_1
  - libtiff=4.0.9=he85c1e1_2
  - libuuid=1.0.3=h1bed415_2
  - libvpx=1.7.0=h439df22_0
  - libxcb=1.13=h1bed415_1
  - libxml2=2.9.8=h26e45fe_1
  - mkl=2019.0=118
  - ncurses=6.1=hf484d3e_0
  - numpy-base=1.15.3=py36h2f8d375_0
  - pcre=8.42=h439df22_0
  - pip=10.0.1=py36_0
  - pixman=0.34.0=hceecf20_3
  - py-opencv=3.4.1=py36h0676e08_1
  - readline=7.0=h7b6447c_5
  - setuptools=40.4.3=py36_0
  - sqlite=3.25.2=h7b6447c_0
  - tk=8.6.8=hbc83047_0
  - wheel=0.32.2=py36_0
  - xz=5.2.4=h14c3975_4
  - zlib=1.2.11=ha838bed_2
  - pip:
    - argcomplete==1.9.2
    - asn1crypto==0.23.0
    - attrs==17.4.0
    - bleach==1.5.0
    - boto==2.48.0
    - cffi==1.11.2
    - chardet==3.0.4
    - codecov==2.0.14
    - coverage==4.4.2
    - crcmod==1.7
    - cryptography==2.1.3
    - enum34==1.1.6
    - gcs-oauth2-boto-plugin==1.14
    - google-apitools==0.5.16
    - gsutil==4.28
    - html5lib==0.9999999
    - idna==2.6
    - lightgbm==2.0.10
    - markdown==2.6.11
    - mock==2.0.0
    - pbr==3.1.1
    - pluggy==0.6.0
    - py==1.5.2
    - pycparser==2.18
    - pyopenssl==17.3.0
    - pytest==3.3.2
    - pytest-cov==2.5.1
    - python-gflags==3.1.2
    - requests==2.18.4
    - retry-decorator==1.1.0
    - rsa==3.4.2
    - scikit-learn==0.19.1
    - six==1.11.0
    - socksipy-branch==1.1
    - tensorflow==1.4.1
    - tensorflow-tensorboard==0.4.0
    - urllib3==1.22
    - werkzeug==0.14.1
prefix: /home/nasdin/anaconda3/envs/yolo

